0000 20 10 0B 70 5D B1 B0 5D 1F 5D 5D 5D 20 B6 EA FF
0010 91 04 57 20 06 0A 14 53 25 84 FF FF 54 20 E0 5E
0020 82 00 92 20 00 1A FF FF B6 A1 13 91 33 25 94 04
0030 2C 1C FF FF 02 F4 29 05 00 3F 06 1E 57 0A 07 08
0040 54 41 25 04 EA 06 FF FF 0F 82 6B 25 F4 06 84 4F
0050 1E 82 18 25 25 84 FF FF 92 09 90 4D 82 00 92 48
0060 00 1A FF FF 81 04 70 51 33 25 94 31 2C 1C FF FF
0070 48 22 40 58 69 06 71 B1 20 0B 70 B7 5D 90 28 30
0080 84 20 B6 94 B7 00 21 25 00 B1 00 FF 70 B1 A1 81
0090 00 00 FF FF 70 B6 48 21 07 00 FF FF 10 48 94 15
00A0 20 5B 43 0B 18 4C 5A 14 02 94 FF FF 0E 20 13 0B
00B0 40 4C 94 08 00 00 00 FF 36 21 F7 CA 1F 24 20 5C
00C0 00 4A 15 14 00 24 5A 58 28 00 04 40 7F 29 01 2E
00D0 7F 20 19 B7 7F 72 B1 76 3E 09 3F 00 3F 51 70 5A
00E0 51 3E 29 90 00 00 49 FF A1 91 44 3A 7F 94 ED 1A
00F0 40 70 B5 B1 60 70 B6 90 18 7F 14 FF 63 33 43 25
0100 03 13 94 04 61 24 2C 53 00 1C 20 10 02 0B 4D B5
0110 00 29 02 3F 04 69 00 06 40 1E 0A 07 00 20 10 0B
0120 20 44 4C B5 20 44 70 5D 48 08 70 B6 00 00 54 30
0130 02 84 14 20 54 14 8B B6 04 20 E7 B7 7D 48 21 40
0140 40 20 28 84 00 06 48 21 00 BF 58 71 78 B1 90 71
0150 00 00 44 FF B5 B1 20 EA 24 7C B6 7A 24 08 3F 04
0160 00 00 54 54 00 B7 75 51 7C 20 20 50 1C 40 1C 40
0170 7C B1 90 5A 28 00 10 00 06 48 84 21 7F 21 10 84
0180 2A 7F 2A 40 64 40 40 3F 20 49 07 18 06 60 18 07
0190 22 00 7F 20 41 14 18 20 07 00 07 FF 7F 63 14 08
01A0 00 14 63 03 07 00 07 FF 04 78 04 03 60 43 45 49
01B0 07 00 3E 49 3E 40 51 61 46 00 41 41 33 49 7F 00
01C0 00 00 14 B5 45 45 70 5D 49 08 70 B6 09 00 01 30
01D0 49 84 14 20 49 00 FF FF B6 20 E7 B7 41 14 48 21
01E0 07 00 07 FF 40 84 06 48 00 21 BF 58 07 00 07 FF
01F0 71 B1 90 71 60 70 B5 B1 07 00 3E 49 3E 40 20 EA
0200 46 B6 7A B7 33 49 75 51 00 00 14 B5 45 45 70 5D
0210 49 08 70 B6 09 00 01 30 49 84 14 20 49 00 FF FF
0220 B6 20 E7 B7 41 14 48 21 07 00 07 FF 40 84 06 48
0230 00 21 BF 58 07 00 07 FF 71 B1 90 71 60 70 B5 B1
0240 07 00 3E 49 3E 40 20 EA 46 B6 7A B7 33 49 75 51
0250 00 00 14 B5 45 45 70 5D 49 08 70 B6 09 00 01 30
0260 49 84 14 20 49 00 FF FF B6 20 E7 B7 41 14 48 21
0270 07 00 07 FF 40 84 06 48 00 21 BF 58 07 00 07 FF
0280 71 B1 90 71 60 70 B5 B1 07 00 3E 49 3E 40 20 EA
0290 46 B6 7A B7 33 49 75 51 00 00 14 B5 45 45 70 5D
02A0 49 08 70 B6 09 00 01 30 49 84 14 20 49 00 FF FF
02B0 B6 20 E7 B7 41 14 48 21 07 00 07 FF 40 84 06 48
02C0 00 21 BF 58 07 00 07 FF 71 B1 90 71 60 70 B5 B1
02D0 07 00 3E 49 3E 40 20 EA 46 B6 7A B7 33 49 75 51
02E0 00 00 14 B5 45 45 70 5D 49 08 70 B6 09 00 01 30
02F0 49 84 14 20 49 00 FF FF B6 20 E7 B7 41 14 48 21
0300 07 00 07 FF 40 84 06 48 00 21 BF 58 07 00 07 FF
0310 71 B1 90 71 60 70 B5 B1 07 00 3E 49 3E 40 20 EA
0320 46 B6 7A B7 33 49 75 51 00 00 14 B5 45 45 70 5D
0330 49 08 70 B6 09 00 01 30 49 84 14 20 49 00 FF FF
0340 B6 20 E7 B7 41 14 48 21 07 00 07 FF 40 84 06 48
0350 00 21 BF 58 07 00 07 FF 71 B1 90 71 60 70 B5 B1
0360 07 00 3E 49 3E 40 20 EA 46 B6 7A B7 33 49 75 51
0370 00 00 14 B5 45 45 70 5D 49 08 70 B6 09 00 01 30
0380 49 84 14 20 49 00 FF FF B6 20 E7 B7 41 14 48 21
0390 07 00 07 FF 40 84 06 48 00 21 BF 58 07 00 07 FF
03A0 71 B1 90 71 60 70 B5 B1 07 00 3E 49 3E 40 20 EA
03B0 46 B6 7A B7 33 49 75 51 00 00 14 B5 45 45 70 5D
03C0 49 08 70 B6 09 00 01 30 49 84 14 20 49 00 FF FF
03D0 B6 20 E7 B7 41 14 48 21 07 00 07 FF 40 84 06 48
03E0 00 21 BF 58 07 00 07 FF 71 B1 90 71 60 70 B5 B1
03F0 07 00 3E 49 3E 40 20 EA 46 B6 7A B7 33 49 75 51
0400 00 00 14 B5 45 45 70 5D 49 08 70 B6 09 00 01 30
0410 49 84 14 20 49 00 FF FF B6 20 E7 B7 41 14 48 21
0420 07 00 07 FF 40 84 06 48 00 21 BF 58 07 00 07 FF
0430 71 B1 90 71 60 70 B5 B1 07 00 3E 49 3E 40 20 EA
0440 46 B6 7A B7 33 49 75 51 00 00 14 B5 45 45 70 5D
0450 49 08 70 B6 09 00 01 30 49 84 14 20 49 00 FF FF
0460 B6 20 E7 B7 41 14 48 21 07 00 07 FF 40 84 06 48
0470 00 21 BF 58 07 00 07 FF 71 B1 90 71 60 70 B5 B1
0480 07 00 3E 49 3E 40 20 EA 46 B6 7A B7 33 49 75 51
0490 00 00 14 B5 45 45 70 5D 49 08 70 B6 09 00 01 30
04A0 49 84 14 20 49 00 FF FF B6 20 E7 B7 41 14 48 21
04B0 07 00 07 FF 40 84 06 48 00 21 BF 58 07 00 07 FF
04C0 71 B1 90 71 60 70 B5 B1 07 00 3E 49 3E 40 20 EA
04D0 46 B6 7A B7 33 49 75 51 00 00 14 B5 45 45 70 5D
04E0 49 08 70 B6 09 00 01 30 49 84 14 20 49 00 FF FF
04F0 B6 20 E7 B7 41 14 48 21 07 00 07 FF 40 84 06 48
0500 00 21 BF 58 07 00 07 FF 71 B1 90 71 60 70 B5 B1
0510 07 00 3E 49 3E 40 20 EA 46 B6 7A B7 33 49 75 51
0520 00 00 14 B5 45 45 70 5D 49 08 70 B6 09 00 01 30
0530 49 84 14 20 49 00 FF FF B6 20 E7 B7 41 14 48 21
0540 07 00 07 FF 40 84 06 48 00 21 BF 58 07 00 07 FF
0550 71 B1 90 71 60 70 B5 B1 07 00 3E 49 3E 40 20 EA
0560 46 B6 7A B7 33 49 75 51 00 00 14 B5 45 45 70 5D
0570 49 08 70 B6 09 00 01 30 49 84 14 20 49 00 FF FF
0580 B6 20 E7 B7 41 14 48 21 07 00 07 FF 40 84 06 48
0590 00 21 BF 58 07 00 07 FF 71 B1 90 71 60 70 B5 B1
05A0 07 00 3E 49 3E 40 20 EA 46 B6 7A B7 33 49 75 51
05B0 00 00 14 B5 45 45 70 5D 49 08 70 B6 09 00 01 30
05C0 49 84 14 20 49 00 FF FF B6 20 E7 B7 41 14 48 21
05D0 07 00 07 FF 40 84 06 48 00 21 BF 58 07 00 07 FF
05E0 71 B1 90 71 60 70 B5 B1 07 00 3E 49 3E 40 20 EA
05F0 46 B6 7A B7 33 49 75 51 00 00 14 B5 45 45 70 5D
0600 49 08 70 B6 09 00 01 30 49 84 14 20 49 00 FF FF
0610 B6 20 E7 B7 41 14 48 21 07 00 07 FF 40 84 06 48
0620 00 21 BF 58 07 00 07 FF 71 B1 90 71 60 70 B5 B1
0630 07 00 3E 49 3E 40 20 EA 46 B6 7A B7 33 49 75 51
0640 00 00 14 B5 45 45 70 5D 49 08 70 B6 09 00 01 30
0650 49 84 14 20 49 00 FF FF B6 20 E7 B7 41 14 48 21
0660 07 00 07 FF 40 84 06 48 00 21 BF 58 07 00 07 FF
0670 71 B1 90 71 60 70 B5 B1 07 00 3E 49 3E 40 20 EA
0680 46 B6 7A B7 33 49 75 51 00 00 14 B5 45 45 70 5D
0690 49 08 70 B6 09 00 01 30 49 84 14 20 49 00 FF FF
06A0 B6 20 E7 B7 41 14 48 21 07 00 07 FF 40 84 06 48
06B0 00 21 BF 58 07 00 07 FF 71 B1 90 71 60 70 B5 B1
06C0 07 00 3E 49 3E 40 20 EA 46 B6 7A B7 33 49 75 51
06D0 00 00 14 B5 45 45 70 5D 49 08 70 B6 09 00 01 30
06E0 49 84 14 20 49 00 FF FF B6 20 E7 B7 41 14 48 21
06F0 07 00 07 FF 40 84 06 48 00 21 BF 58 07 00 07 FF
0700 71 B1 90 71 60 70 B5 B1 07 00 3E 49 3E 40 20 EA
0710 46 B6 7A B7 33 49 75 51 00 00 14 B5 45 45 70 5D
0720 49 08 70 B6 09 00 01 30 49 84 14 20 49 00 FF FF
0730 B6 20 E7 B7 41 14 48 21 07 00 07 FF 40 84 06 48
0740 00 21 BF 58 07 00 07 FF 71 B1 90 71 60 70 B5 B1
0750 07 00 3E 49 3E 40 20 EA 46 B6 7A B7 33 49 75 51
0760 00 00 14 B5 45 45 70 5D 49 08 70 B6 09 00 01 30
0770 49 84 14 20 49 00 FF FF B6 20 E7 B7 41 14 48 21
0780 07 00 07 FF 40 84 06 48 00 21 BF 58 07 00 07 FF
0790 71 B1 90 71 60 70 B5 B1 07 00 3E 49 3E 40 20 EA
07A0 46 B6 7A B7 33 49 75 51 00 00 14 B5 45 45 70 5D
07B0 49 08 70 B6 09 00 01 30 49 84 14 20 49 00 FF FF
07C0 B6 20 E7 B7 41 14 48 21 07 00 07 FF 40 84 06 48
07D0 00 21 BF 58 07 00 07 FF 71 B1 90 71 60 70 B5 B1
07E0 07 00 3E 49 3E 40 20 EA 46 B6 7A B7 33 49 75 51
07F0 00 00 14 B5 45 45 70 5D 49 08 70 B6 09 00 01 30
0800 49 84 14 20 49 00 FF FF B6 20 E7 B7 41 14 48 21
0810 07 00 07 FF 40 84 06 48 00 21 BF 58 07 00 07 FF
0820 71 B1 90 71 60 70 B5 B1 07 00 3E 49 3E 40 20 EA
0830 46 B6 7A B7 33 49 75 51 00 00 14 B5 45 45 70 5D
0840 49 08 70 B6 09 00 01 30 49 84 14 20 49 00 FF FF
0850 B6 20 E7 B7 41 14 48 21 07 00 07 FF 40 84 06 48
0860 00 21 BF 58 07 00 07 FF 71 B1 90 71 60 70 B5 B1
0870 07 00 3E 49 3E 40 20 EA 46 B6 7A B7 33 49 75 51
0880 00 00 14 B5 45 45 70 5D 49 08 70 B6 09 00 01 30
0890 49 84 14 20 49 00 FF FF B6 20 E7 B7 41 14 48 21
08A0 07 00 07 FF 40 84 06 48 00 21 BF 58 07 00 07 FF
08B0 71 B1 90 71 60 70 B5 B1 07 00 3E 49 3E 40 20 EA
08C0 46 B6 7A B7 33 49 75 51 00 00 14 B5 45 45 70 5D
08D0 49 08 70 B6 09 00 01 30 49 84 14 20 49 00 FF FF
08E0 B6 20 E7 B7 41 14 48 21 07 00 07 FF 40 84 06 48
08F0 00 21 BF 58 07 00 07 FF 71 B1 90 71 60 70 B5 B1
0900 07 00 3E 49 3E 40 20 EA 46 B6 7A B7 33 49 75 51
0910 00 00 14 B5 45 45 70 5D 49 08 70 B6 09 00 01 30
0920 49 84 14 20 49 00 FF FF B6 20 E7 B7 41 14 48 21
0930 07 00 07 FF 40 84 06 48 00 21 BF 58 07 00 07 FF
0940 71 B1 90 71 60 70 B5 B1 07 00 3E 49 3E 40 20 EA
0950 46 B6 7A B7 33 49 75 51 00 00 14 B5 45 45 70 5D
0960 49 08 70 B6 09 00 01 30 49 84 14 20 49 00 FF FF
0970 B6 20 E7 B7 41 14 48 21 07 00 07 FF 40 84 06 48
0980 00 21 BF 58 07 00 07 FF 71 B1 90 71 60 70 B5 B1
0990 07 00 3E 49 3E 40 20 EA 46 B6 7A B7 33 49 75 51
09A0 00 00 14 B5 45 45 70 5D 49 08 70 B6 09 00 01 30
09B0 49 84 14 20 49 00 FF FF B6 20 E7 B7 41 14 48 21
09C0 07 00 07 FF 40 84 06 48 00 21 BF 58 07 00 07 FF
09D0 71 B1 90 71 60 70 B5 B1 07 00 3E 49 3E 40 20 EA
09E0 46 B6 7A B7 33 49 75 51 00 00 14 B5 45 45 70 5D
09F0 49 08 70 B6 09 00 01 30 49 84 14 20 49 00 FF FF
0A00 B6 20 E7 B7 41 14 48 21 07 00 07 FF 40 84 06 48
0A10 00 21 BF 58 07 00 07 FF 71 B1 90 71 60 70 B5 B1
0A20 07 00 3E 49 3E 40 20 EA 46 B6 7A B7 33 49 75 51
0A30 00 00 14 B5 45 45 70 5D 49 08 70 B6 09 00 01 30
0A40 49 84 14 20 49 00 FF FF B6 20 E7 B7 41 14 48 21
0A50 07 00 07 FF 40 84 06 48 00 21 BF 58 07 00 07 FF
0A60 71 B1 90 71 60 70 B5 B1 07 00 3E 49 3E 40 20 EA
0A70 46 B6 7A B7 33 49 75 51 00 00 14 B5 45 45 70 5D
0A80 49 08 70 B6 09 00 01 30 49 84 14 20 49 00 FF FF
0A90 B6 20 E7 B7 41 14 48 21 07 00 07 FF 40 84 06 48
0AA0 00 21 BF 58 07 00 07 FF 71 B1 90 71 60 70 B5 B1
0AB0 07 00 3E 49 3E 40 20 EA 46 B6 7A B7 33 49 75 51
0AC0 00 00 14 B5 45 45 70 5D 49 08 70 B6 09 00 01 30
0AD0 49 84 14 20 49 00 FF FF B6 20 E7 B7 41 14 48 21
0AE0 07 00 07 FF 40 84 06 48 00 21 BF 58 07 00 07 FF
0AF0 71 B1 90 71 60 70 B5 B1 07 00 3E 49 3E 40 20 EA
0B00 46 B6 7A B7 33 49 75 51 00 00 14 B5 45 45 70 5D
0B10 49 08 70 B6 09 00 01 30 49 84 14 20 49 00 FF FF
0B20 B6 20 E7 B7 41 14 48 21 07 00 07 FF 40 84 06 48
0B30 00 21 BF 58 07 00 07 FF 71 B1 90 71 60 70 B5 B1
0B40 07 00 3E 49 3E 40 20 EA 46 B6 7A B7 33 49 75 51
0B50 00 00 14 B5 45 45 70 5D 49 08 70 B6 09 00 01 30
0B60 49 84 14 20 49 00 FF FF B6 20 E7 B7 41 14 48 21
0B70 07 00 07 FF 40 84 06 48 00 21 BF 58 07 00 07 FF
0B80 71 B1 90 71 60 70 B5 B1 07 00 3E 49 3E 40 20 EA
0B90 46 B6 7A B7 33 49 75 51 00 00 14 B5 45 45 70 5D
0BA0 49 08 70 B6 09 00 01 30 49 84 14 20 49 00 FF FF
0BB0 B6 20 E7 B7 41 14 48 21 07 00 07 FF 40 84 06 48
0BC0 00 21 BF 58 07 00 07 FF 71 B1 90 71 60 70 B5 B1
0BD0 07 00 3E 49 3E 40 20 EA 46 B6 7A B7 33 49 75 51
0BE0 00 00 14 B5 45 45 70 5D 49 08 70 B6 09 00 01 30
0BF0 49 84 14 20 49 00 FF FF B6 20 E7 B7 41 14 48 21
