0000 20 10 0B 70 5D B1 B0 5D 1F 5D 5D 5D 20 B6 EA 01
0010 91 00 F4 57 3F 1E 20 14 00 00 04 00 82 6B 53 1F
0020 4D 54 20 E0 69 06 5E 20 20 0B EA B6 5D A1 13 91
0030 84 20 B6 04 B7 6F 21 29 00 00 0F FF 02 F4 29 05
0040 70 3F 06 1E B6 00 B7 0A 20 50 07 08 00 03 41 25
0050 1B FF 00 04 91 00 F4 84 3F 1E 0F 82 01 00 04 00
0060 82 6B 6B 25 4D 06 84 4F 69 06 82 18 20 0B 25 07
0070 5D 92 09 90 84 20 B6 4D B7 6F 21 48 00 00 0F FF
0080 13 81 04 70 70 51 31 48 B6 00 B7 22 20 50 40 58
0090 00 03 71 B1 1B FF 01 70 00 00 00 B7 94 04 90 28
00A0 0A 00 20 30 A1 00 3A 94 20 50 25 70 0B B1 A1 81
00B0 07 00 FF FF 23 70 B6 48 20 5B 21 10 18 48 94 15
00C0 02 94 FF FF 0B 4C 5A 14 40 25 0E 20 00 00 00 FF
00D0 13 0B 4C 94 1F 08 36 21 00 4A F7 CA 00 24 5A 24
00E0 28 00 04 40 7F 20 5C 15 7F 14 58 29 7F 01 2E 20
00F0 3E 09 34 00 34 19 B7 72 51 3E 29 B1 00 00 49 FF
0100 51 70 5A 90 7F F3 A1 91 40 44 3A 94 60 ED 1A 70
0110 18 7F 14 B5 63 B1 70 B6 03 90 FF 33 61 43 25 13
0120 00 94 04 24 02 2C 53 1C 00 20 10 0B 04 4D B5 29
0130 40 02 3F 69 00 00 06 1E 20 44 0A 07 20 44 20 10
0140 48 0B 4C B5 00 00 54 70 02 5D 08 70 54 14 B6 30
0150 04 84 14 20 7D 8B B6 20 40 20 28 E7 00 B7 48 21
0160 00 40 84 06 78 48 21 BF 00 00 44 FF 71 B1 90 71
0170 24 7C 70 B5 24 08 34 04 00 00 54 54 00 B1 20 EA
0180 7C B6 7A B7 1C 40 1C 40 75 51 20 20 28 00 10 00
0190 06 50 7C B1 7F 90 5A 48 2A 7F 2A 40 64 40 40 3F
01A0 20 49 07 18 06 60 18 07 22 00 7F 20 41 14 18 20
01B0 07 00 07 FF 7F 63 14 08 00 14 63 03 07 00 07 FF
01C0 04 78 04 03 60 43 45 49 07 00 3E 49 3E 40 51 61
01D0 46 00 41 41 33 49 7F 00 00 00 14 B5 45 45 70 5D
01E0 49 08 70 B6 09 00 01 30 49 84 14 20 49 00 FF FF
01F0 B6 20 E7 B7 41 14 48 21 07 00 07 FF 40 84 06 48
0200 00 21 BF 58 07 00 07 FF 71 B1 90 71 60 70 B5 B1
0210 07 00 3E 49 3E 40 20 EA 46 B6 7A B7 33 49 75 51
0220 00 00 14 B5 45 45 70 5D 49 08 70 B6 09 00 01 30
0230 49 84 14 20 49 00 FF FF B6 20 E7 B7 41 14 48 21
0240 07 00 07 FF 40 84 06 48 00 21 BF 58 07 00 07 FF
0250 71 B1 90 71 60 70 B5 B1 07 00 3E 49 3E 40 20 EA
0260 46 B6 7A B7 33 49 75 51 00 00 14 B5 45 45 70 5D
0270 49 08 70 B6 09 00 01 30 49 84 14 20 49 00 FF FF
0280 B6 20 E7 B7 41 14 48 21 07 00 07 FF 40 84 06 48
0290 00 21 BF 58 07 00 07 FF 71 B1 90 71 60 70 B5 B1
02A0 07 00 3E 49 3E 40 20 EA 46 B6 7A B7 33 49 75 51
02B0 00 00 14 B5 45 45 70 5D 49 08 70 B6 09 00 01 30
02C0 49 84 14 20 49 00 FF FF B6 20 E7 B7 41 14 48 21
02D0 07 00 07 FF 40 84 06 48 00 21 BF 58 07 00 07 FF
02E0 71 B1 90 71 60 70 B5 B1 07 00 3E 49 3E 40 20 EA
02F0 46 B6 7A B7 33 49 75 51 00 00 14 B5 45 45 70 5D
0300 49 08 70 B6 09 00 01 30 49 84 14 20 49 00 FF FF
0310 B6 20 E7 B7 41 14 48 21 07 00 07 FF 40 84 06 48
0320 00 21 BF 58 07 00 07 FF 71 B1 90 71 60 70 B5 B1
0330 07 00 3E 49 3E 40 20 EA 46 B6 7A B7 33 49 75 51
0340 00 00 14 B5 45 45 70 5D 49 08 70 B6 09 00 01 30
0350 49 84 14 20 49 00 FF FF B6 20 E7 B7 41 14 48 21
0360 07 00 07 FF 40 84 06 48 00 21 BF 58 07 00 07 FF
0370 71 B1 90 71 60 70 B5 B1 07 00 3E 49 3E 40 20 EA
0380 46 B6 7A B7 33 49 75 51 00 00 14 B5 45 45 70 5D
0390 49 08 70 B6 09 00 01 30 49 84 14 20 49 00 FF FF
03A0 B6 20 E7 B7 41 14 48 21 07 00 07 FF 40 84 06 48
03B0 00 21 BF 58 07 00 07 FF 71 B1 90 71 60 70 B5 B1
03C0 07 00 3E 49 3E 40 20 EA 46 B6 7A B7 33 49 75 51
03D0 00 00 14 B5 45 45 70 5D 49 08 70 B6 09 00 01 30
03E0 49 84 14 20 49 00 FF FF B6 20 E7 B7 41 14 48 21
03F0 07 00 07 FF 40 84 06 48 00 21 BF 58 07 00 07 FF
0400 71 B1 90 71 60 70 B5 B1 07 00 3E 49 3E 40 20 EA
0410 46 B6 7A B7 33 49 75 51 00 00 14 B5 45 45 70 5D
0420 49 08 70 B6 09 00 01 30 49 84 14 20 49 00 FF FF
0430 B6 20 E7 B7 41 14 48 21 07 00 07 FF 40 84 06 48
0440 00 21 BF 58 07 00 07 FF 71 B1 90 71 60 70 B5 B1
0450 07 00 3E 49 3E 40 20 EA 46 B6 7A B7 33 49 75 51
0460 00 00 14 B5 45 45 70 5D 49 08 70 B6 09 00 01 30
0470 49 84 14 20 49 00 FF FF B6 20 E7 B7 41 14 48 21
0480 07 00 07 FF 40 84 06 48 00 21 BF 58 07 00 07 FF
0490 71 B1 90 71 60 70 B5 B1 07 00 3E 49 3E 40 20 EA
04A0 46 B6 7A B7 33 49 75 51 00 00 14 B5 45 45 70 5D
04B0 49 08 70 B6 09 00 01 30 49 84 14 20 49 00 FF FF
04C0 B6 20 E7 B7 41 14 48 21 07 00 07 FF 40 84 06 48
04D0 00 21 BF 58 07 00 07 FF 71 B1 90 71 60 70 B5 B1
04E0 07 00 3E 49 3E 40 20 EA 46 B6 7A B7 33 49 75 51
04F0 00 00 14 B5 45 45 70 5D 49 08 70 B6 09 00 01 30
0500 49 84 14 20 49 00 FF FF B6 20 E7 B7 41 14 48 21
0510 07 00 07 FF 40 84 06 48 00 21 BF 58 07 00 07 FF
0520 71 B1 90 71 60 70 B5 B1 07 00 3E 49 3E 40 20 EA
0530 46 B6 7A B7 33 49 75 51 00 00 14 B5 45 45 70 5D
0540 49 08 70 B6 09 00 01 30 49 84 14 20 49 00 FF FF
0550 B6 20 E7 B7 41 14 48 21 07 00 07 FF 40 84 06 48
0560 00 21 BF 58 07 00 07 FF 71 B1 90 71 60 70 B5 B1
0570 07 00 3E 49 3E 40 20 EA 46 B6 7A B7 33 49 75 51
0580 00 00 14 B5 45 45 70 5D 49 08 70 B6 09 00 01 30
0590 49 84 14 20 49 00 FF FF B6 20 E7 B7 41 14 48 21
05A0 07 00 07 FF 40 84 06 48 00 21 BF 58 07 00 07 FF
05B0 71 B1 90 71 60 70 B5 B1 07 00 3E 49 3E 40 20 EA
05C0 46 B6 7A B7 33 49 75 51 00 00 14 B5 45 45 70 5D
05D0 49 08 70 B6 09 00 01 30 49 84 14 20 49 00 FF FF
05E0 B6 20 E7 B7 41 14 48 21 07 00 07 FF 40 84 06 48
05F0 00 21 BF 58 07 00 07 FF 71 B1 90 71 60 70 B5 B1
0600 07 00 3E 49 3E 40 20 EA 46 B6 7A B7 33 49 75 51
0610 00 00 14 B5 45 45 70 5D 49 08 70 B6 09 00 01 30
0620 49 84 14 20 49 00 FF FF B6 20 E7 B7 41 14 48 21
0630 07 00 07 FF 40 84 06 48 00 21 BF 58 07 00 07 FF
0640 71 B1 90 71 60 70 B5 B1 07 00 3E 49 3E 40 20 EA
0650 46 B6 7A B7 33 49 75 51 00 00 14 B5 45 45 70 5D
0660 49 08 70 B6 09 00 01 30 49 84 14 20 49 00 FF FF
0670 B6 20 E7 B7 41 14 48 21 07 00 07 FF 40 84 06 48
0680 00 21 BF 58 07 00 07 FF 71 B1 90 71 60 70 B5 B1
0690 07 00 3E 49 3E 40 20 EA 46 B6 7A B7 33 49 75 51
06A0 00 00 14 B5 45 45 70 5D 49 08 70 B6 09 00 01 30
06B0 49 84 14 20 49 00 FF FF B6 20 E7 B7 41 14 48 21
06C0 07 00 07 FF 40 84 06 48 00 21 BF 58 07 00 07 FF
06D0 71 B1 90 71 60 70 B5 B1 07 00 3E 49 3E 40 20 EA
06E0 46 B6 7A B7 33 49 75 51 00 00 14 B5 45 45 70 5D
06F0 49 08 70 B6 09 00 01 30 49 84 14 20 49 00 FF FF
0700 B6 20 E7 B7 41 14 48 21 07 00 07 FF 40 84 06 48
0710 00 21 BF 58 07 00 07 FF 71 B1 90 71 60 70 B5 B1
0720 07 00 3E 49 3E 40 20 EA 46 B6 7A B7 33 49 75 51
0730 00 00 14 B5 45 45 70 5D 49 08 70 B6 09 00 01 30
0740 49 84 14 20 49 00 FF FF B6 20 E7 B7 41 14 48 21
0750 07 00 07 FF 40 84 06 48 00 21 BF 58 07 00 07 FF
0760 71 B1 90 71 60 70 B5 B1 07 00 3E 49 3E 40 20 EA
0770 46 B6 7A B7 33 49 75 51 00 00 14 B5 45 45 70 5D
0780 49 08 70 B6 09 00 01 30 49 84 14 20 49 00 FF FF
0790 B6 20 E7 B7 41 14 48 21 07 00 07 FF 40 84 06 48
07A0 00 21 BF 58 07 00 07 FF 71 B1 90 71 60 70 B5 B1
07B0 07 00 3E 49 3E 40 20 EA 46 B6 7A B7 33 49 75 51
07C0 00 00 14 B5 45 45 70 5D 49 08 70 B6 09 00 01 30
07D0 49 84 14 20 49 00 FF FF B6 20 E7 B7 41 14 48 21
07E0 07 00 07 FF 40 84 06 48 00 21 BF 58 07 00 07 FF
07F0 71 B1 90 71 60 70 B5 B1 07 00 3E 49 3E 40 20 EA
0800 46 B6 7A B7 33 49 75 51 00 00 14 B5 45 45 70 5D
0810 49 08 70 B6 09 00 01 30 49 84 14 20 49 00 FF FF
0820 B6 20 E7 B7 41 14 48 21 07 00 07 FF 40 84 06 48
0830 00 21 BF 58 07 00 07 FF 71 B1 90 71 60 70 B5 B1
0840 07 00 3E 49 3E 40 20 EA 46 B6 7A B7 33 49 75 51
0850 00 00 14 B5 45 45 70 5D 49 08 70 B6 09 00 01 30
0860 49 84 14 20 49 00 FF FF B6 20 E7 B7 41 14 48 21
0870 07 00 07 FF 40 84 06 48 00 21 BF 58 07 00 07 FF
0880 71 B1 90 71 60 70 B5 B1 07 00 3E 49 3E 40 20 EA
0890 46 B6 7A B7 33 49 75 51 00 00 14 B5 45 45 70 5D
08A0 49 08 70 B6 09 00 01 30 49 84 14 20 49 00 FF FF
08B0 B6 20 E7 B7 41 14 48 21 07 00 07 FF 40 84 06 48
08C0 00 21 BF 58 07 00 07 FF 71 B1 90 71 60 70 B5 B1
08D0 07 00 3E 49 3E 40 20 EA 46 B6 7A B7 33 49 75 51
08E0 00 00 14 B5 45 45 70 5D 49 08 70 B6 09 00 01 30
08F0 49 84 14 20 49 00 FF FF B6 20 E7 B7 41 14 48 21
0900 07 00 07 FF 40 84 06 48 00 21 BF 58 07 00 07 FF
0910 71 B1 90 71 60 70 B5 B1 07 00 3E 49 3E 40 20 EA
0920 46 B6 7A B7 33 49 75 51 00 00 14 B5 45 45 70 5D
0930 49 08 70 B6 09 00 01 30 49 84 14 20 49 00 FF FF
0940 B6 20 E7 B7 41 14 48 21 07 00 07 FF 40 84 06 48
0950 00 21 BF 58 07 00 07 FF 71 B1 90 71 60 70 B5 B1
0960 07 00 3E 49 3E 40 20 EA 46 B6 7A B7 33 49 75 51
0970 00 00 14 B5 45 45 70 5D 49 08 70 B6 09 00 01 30
0980 49 84 14 20 49 00 FF FF B6 20 E7 B7 41 14 48 21
0990 07 00 07 FF 40 84 06 48 00 21 BF 58 07 00 07 FF
09A0 71 B1 90 71 60 70 B5 B1 07 00 3E 49 3E 40 20 EA
09B0 46 B6 7A B7 33 49 75 51 00 00 14 B5 45 45 70 5D
09C0 49 08 70 B6 09 00 01 30 49 84 14 20 49 00 FF FF
09D0 B6 20 E7 B7 41 14 48 21 07 00 07 FF 40 84 06 48
09E0 00 21 BF 58 07 00 07 FF 71 B1 90 71 60 70 B5 B1
09F0 07 00 3E 49 3E 40 20 EA 46 B6 7A B7 33 49 75 51
0A00 00 00 14 B5 45 45 70 5D 49 08 70 B6 09 00 01 30
0A10 49 84 14 20 49 00 FF FF B6 20 E7 B7 41 14 48 21
0A20 07 00 07 FF 40 84 06 48 00 21 BF 58 07 00 07 FF
0A30 71 B1 90 71 60 70 B5 B1 07 00 3E 49 3E 40 20 EA
0A40 46 B6 7A B7 33 49 75 51 00 00 14 B5 45 45 70 5D
0A50 49 08 70 B6 09 00 01 30 49 84 14 20 49 00 FF FF
0A60 B6 20 E7 B7 41 14 48 21 07 00 07 FF 40 84 06 48
0A70 00 21 BF 58 07 00 07 FF 71 B1 90 71 60 70 B5 B1
0A80 07 00 3E 49 3E 40 20 EA 46 B6 7A B7 33 49 75 51
0A90 00 00 14 B5 45 45 70 5D 49 08 70 B6 09 00 01 30
0AA0 49 84 14 20 49 00 FF FF B6 20 E7 B7 41 14 48 21
0AB0 07 00 07 FF 40 84 06 48 00 21 BF 58 07 00 07 FF
0AC0 71 B1 90 71 60 70 B5 B1 07 00 3E 49 3E 40 20 EA
0AD0 46 B6 7A B7 33 49 75 51 00 00 14 B5 45 45 70 5D
0AE0 49 08 70 B6 09 00 01 30 49 84 14 20 49 00 FF FF
0AF0 B6 20 E7 B7 41 14 48 21 07 00 07 FF 40 84 06 48
0B00 00 21 BF 58 07 00 07 FF 71 B1 90 71 60 70 B5 B1
0B10 07 00 3E 49 3E 40 20 EA 46 B6 7A B7 33 49 75 51
0B20 00 00 14 B5 45 45 70 5D 49 08 70 B6 09 00 01 30
0B30 49 84 14 20 49 00 FF FF B6 20 E7 B7 41 14 48 21
0B40 07 00 07 FF 40 84 06 48 00 21 BF 58 07 00 07 FF
0B50 71 B1 90 71 60 70 B5 B1 07 00 3E 49 3E 40 20 EA
0B60 46 B6 7A B7 33 49 75 51 00 00 14 B5 45 45 70 5D
0B70 49 08 70 B6 09 00 01 30 49 84 14 20 49 00 FF FF
0B80 B6 20 E7 B7 41 14 48 21 07 00 07 FF 40 84 06 48
0B90 00 21 BF 58 07 00 07 FF 71 B1 90 71 60 70 B5 B1
0BA0 07 00 3E 49 3E 40 20 EA 46 B6 7A B7 33 49 75 51
0BB0 00 00 14 B5 45 45 70 5D 49 08 70 B6 09 00 01 30
0BC0 49 84 14 20 49 00 FF FF B6 20 E7 B7 41 14 48 21
0BD0 07 00 07 FF 40 84 06 48 00 21 BF 58 07 00 07 FF
0BE0 71 B1 90 71 60 70 B5 B1 07 00 3E 49 3E 40 20 EA
0BF0 46 B6 7A B7 33 49 75 51 00 00 14 B5 45 45 70 5D
